V(0) = 0
V(0) = 6.92436e-310
V(1) = 0
V(1) = 6.92436e-310
V(2) = 0
V(2) = 6.92436e-310
V(3) = 0
V(3) = 6.92436e-310
V(4) = 0
V(4) = 6.92436e-310
V(5) = 0
V(5) = 6.92436e-310
V(6) = 0
V(6) = 6.92436e-310
V(7) = 0
V(7) = 6.92436e-310
V(8) = 0
V(8) = 6.92436e-310
V(9) = 0
V(9) = 6.92436e-310
V(10) = 0
V(10) = 6.92436e-310
V(11) = 0
V(11) = 6.92436e-310
V(12) = 0
V(12) = 6.92436e-310
V(13) = 0
V(13) = 6.92436e-310
V(14) = 0
V(14) = 6.92436e-310
V(15) = 0
V(15) = 6.92436e-310
V(16) = 0
V(16) = 6.92436e-310
V(17) = 0
V(17) = 6.92436e-310
V(18) = 0
V(18) = 6.92436e-310
V(19) = 0
V(19) = 6.92436e-310
V(20) = 0
V(20) = 6.92436e-310
V(21) = 0
V(21) = 6.92436e-310
V(22) = 0
V(22) = 6.92436e-310
V(23) = 0
V(23) = 6.92436e-310
V(24) = 0
V(24) = 6.92436e-310
V(25) = 0
V(25) = 6.92436e-310
V(26) = 0
V(26) = 6.92436e-310
V(27) = 0
V(27) = 6.92436e-310
V(28) = 0
V(28) = 6.92436e-310
V(29) = 0
V(29) = 6.92436e-310
V(30) = 0
V(30) = 6.92436e-310
V(31) = 0
V(31) = 6.92436e-310
V(32) = 0
V(32) = 6.92436e-310
V(33) = 0
V(33) = 6.92436e-310
V(34) = 0
V(34) = 6.92436e-310
V(35) = 0
V(35) = 6.92436e-310
V(36) = 0
V(36) = 6.92436e-310
V(37) = 0
V(37) = 6.92436e-310
V(38) = 0
V(38) = 6.92436e-310
V(39) = 0
V(39) = 6.92436e-310
V(40) = 0
V(40) = 6.92436e-310
V(41) = 0
V(41) = 6.92436e-310
V(42) = 0
V(42) = 6.92436e-310
V(43) = 0
V(43) = 6.92436e-310
V(44) = 0
V(44) = 6.92436e-310
V(45) = 0
V(45) = 6.92436e-310
V(46) = 0
V(46) = 6.92436e-310
V(47) = 0
V(47) = 6.92436e-310
V(48) = 0
V(48) = 6.92436e-310
V(49) = 0
V(49) = 6.92436e-310
V(50) = 0
V(50) = 6.92436e-310
V(51) = 0
V(51) = 6.92436e-310
V(52) = 0
V(52) = 6.92436e-310
V(53) = 0
V(53) = 6.92436e-310
V(54) = 0
V(54) = 6.92436e-310
V(55) = 0
V(55) = 6.92436e-310
V(56) = 0
V(56) = 6.92436e-310
V(57) = 0
V(57) = 6.92436e-310
V(58) = 0
V(58) = 6.92436e-310
V(59) = 0
V(59) = 6.92436e-310
V(60) = 0
V(60) = 6.92436e-310
V(61) = 0
V(61) = 6.92436e-310
V(62) = 0
V(62) = 6.92436e-310
V(63) = 0
V(63) = 6.92436e-310
V(64) = 0
V(64) = 6.92436e-310
V(65) = 0
V(65) = 6.92436e-310
V(66) = 0
V(66) = 6.92436e-310
V(67) = 0
V(67) = 6.92436e-310
V(68) = 0
V(68) = 6.92436e-310
V(69) = 0
V(69) = 6.92436e-310
V(70) = 0
V(70) = 6.92436e-310
V(71) = 0
V(71) = 6.92436e-310
V(72) = 0
V(72) = 6.92436e-310
V(73) = 0
V(73) = 6.92436e-310
V(74) = 0
V(74) = 6.92436e-310
V(75) = 0
V(75) = 6.92436e-310
V(76) = 0
V(76) = 6.92436e-310
V(77) = 0
V(77) = 6.92436e-310
V(78) = 0
V(78) = 6.92436e-310
V(79) = 0
V(79) = 6.92436e-310
V(80) = 0
V(80) = 6.92436e-310
V(81) = 0
V(81) = 6.92436e-310
V(82) = 0
V(82) = 6.92436e-310
V(83) = 0
V(83) = 6.92436e-310
V(84) = 0
V(84) = 6.92436e-310
V(85) = 0
V(85) = 6.92436e-310
V(86) = 0
V(86) = 6.92436e-310
V(87) = 0
V(87) = 6.92436e-310
V(88) = 0
V(88) = 6.92436e-310
V(89) = 0
V(89) = 6.92436e-310
V(90) = 0
V(90) = 6.92436e-310
V(91) = 0
V(91) = 6.92436e-310
V(92) = 0
V(92) = 6.92436e-310
V(93) = 0
V(93) = 6.92436e-310
V(94) = 0
V(94) = 6.92436e-310
V(95) = 0
V(95) = 6.92436e-310
V(96) = 0
V(96) = 6.92436e-310
V(97) = 0
V(97) = 6.92436e-310
V(98) = 0
V(98) = 6.92436e-310
V(99) = 0
V(99) = 6.92436e-310
